000000000101010001010100
000000000110100001101000
000000000110100101101001
000000000111001101110011
000000000010000000100000
000000000110100101101001
000000000111001101110011
000000000010000000100000
000000000111001101110011
000000000110000101100001
000000000110110101101101
000000000111000001110000
000000000110110001101100
000000000110010101100101
000000000010000000100000
000000000110110101101101
000000000110010101100101
000000000111001101110011
000000000111001101110011
000000000110000101100001
000000000110011101100111
000000000110010101100101
